6371000.0 2600.0 5800.0 3200.0 57823.0 600.0 5800.0 3200.0 1.0
6368000.0 2600.0 5800.0 3200.0 57823.0 600.0 5800.0 3200.0 1.0
6367000.0 2600.0 5800.0 3200.0 57823.0 600.0 5800.0 3200.0 1.0
6366000.0 2600.0 5800.0 3200.0 57823.0 600.0 5800.0 3200.0 1.0
6365000.0 2600.0 5800.0 3200.0 57823.0 600.0 5800.0 3200.0 1.0
6364000.0 2600.0 5800.0 3200.0 57823.0 600.0 5800.0 3200.0 1.0
6363000.0 2600.0 5800.0 3200.0 57823.0 600.0 5800.0 3200.0 1.0
6362000.0 2600.0 5800.0 3200.0 57823.0 600.0 5800.0 3200.0 1.0
6361000.0 2600.0 5800.0 3200.0 57823.0 600.0 5800.0 3200.0 1.0
6360000.0 2600.0 5800.0 3200.0 57823.0 600.0 5800.0 3200.0 1.0
6359000.0 2600.0 5800.0 3200.0 57823.0 600.0 5800.0 3200.0 1.0
6358000.0 2600.0 5800.0 3200.0 57823.0 600.0 5800.0 3200.0 1.0
6357000.0 2600.0 5800.0 3200.0 57823.0 600.0 5800.0 3200.0 1.0
6356000.0 2600.0 5800.0 3200.0 57823.0 600.0 5800.0 3200.0 1.0
6356000.0 2900.0 6800.0 3900.0 57823.0 600.0 6800.0 3900.0 1.0
6355000.0 2900.0 6800.0 3900.0 57823.0 600.0 6800.0 3900.0 1.0
6354000.0 2900.0 6800.0 3900.0 57823.0 600.0 6800.0 3900.0 1.0
6353000.0 2900.0 6800.0 3900.0 57823.0 600.0 6800.0 3900.0 1.0
6352000.0 2900.0 6800.0 3900.0 57823.0 600.0 6800.0 3900.0 1.0
6351000.0 2900.0 6800.0 3900.0 57823.0 600.0 6800.0 3900.0 1.0
6350000.0 2900.0 6800.0 3900.0 57823.0 600.0 6800.0 3900.0 1.0
6349000.0 2900.0 6800.0 3900.0 57823.0 600.0 6800.0 3900.0 1.0
6348000.0 2900.0 6800.0 3900.0 57823.0 600.0 6800.0 3900.0 1.0
6346600.0 2900.0 6800.0 3900.0 57823.0 600.0 6800.0 3900.0 1.0
6346600.0 3380.75 8022.06 4396.02 57823.0 600.0 8190.32 4611.8 0.90039
6346000.0 3380.68 8021.38 4396.16 57823.0 600.0 8189.88 4611.26 0.90062
6345000.0 3380.57 8020.24 4396.39 57823.0 600.0 8189.16 4610.37 0.90101
6344000.0 3380.47 8019.11 4396.62 57823.0 600.0 8188.43 4609.47 0.9014
6343000.0 3380.36 8017.98 4396.85 57823.0 600.0 8187.71 4608.57 0.90179
6342000.0 3380.25 8016.84 4397.08 57823.0 600.0 8186.98 4607.67 0.90218
6341000.0 3380.14 8015.71 4397.31 57823.0 600.0 8186.26 4606.78 0.90257
6340000.0 3380.03 8014.58 4397.54 57823.0 600.0 8185.53 4605.88 0.90296
6339000.0 3379.92 8013.45 4397.77 57823.0 600.0 8184.81 4604.98 0.90335
6338000.0 3379.81 8012.31 4398.0 57823.0 600.0 8184.08 4604.08 0.90373
6337000.0 3379.7 8011.18 4398.23 57823.0 600.0 8183.36 4603.19 0.90412
6336000.0 3379.6 8010.05 4398.46 57823.0 600.0 8182.63 4602.29 0.90451
6331000.0 3379.05 8004.38 4399.62 57823.0 600.0 8179.01 4597.8 0.90646
6326000.0 3378.51 7998.72 4400.77 57823.0 600.0 8175.39 4593.32 0.9084
6321000.0 3377.97 7993.05 4401.92 57823.0 600.0 8171.76 4588.83 0.91035
6311000.0 3376.88 7981.72 4404.22 57823.0 600.0 8164.52 4579.85 0.91424
6301000.0 3375.79 7970.39 4406.53 57823.0 600.0 8157.27 4570.88 0.91812
6291000.0 3374.71 7959.06 4408.83 57823.0 600.0 8150.02 4561.9 0.92201
6291000.0 3374.71 7959.06 4408.83 57823.0 80.0 8150.02 4561.9 0.92201
6281000.0 3373.62 7947.73 4411.13 57823.0 80.0 8142.78 4552.93 0.9259
6271000.0 3372.53 7936.41 4413.44 57823.0 80.0 8135.53 4543.96 0.92979
6261000.0 3371.45 7925.08 4415.74 57823.0 80.0 8128.28 4534.98 0.93368
6251000.0 3370.36 7913.75 4418.05 57823.0 80.0 8121.03 4526.01 0.93757
6241000.0 3369.27 7902.42 4420.35 57823.0 80.0 8113.79 4517.03 0.94146
6231000.0 3368.18 7891.09 4422.65 57823.0 80.0 8106.54 4508.06 0.94535
6221000.0 3367.1 7879.76 4424.96 57823.0 80.0 8099.29 4499.08 0.94924
6211000.0 3366.01 7868.43 4427.26 57823.0 80.0 8092.04 4490.11 0.95313
6201000.0 3364.92 7857.1 4429.57 57823.0 80.0 8084.8 4481.13 0.95702
6191000.0 3363.84 7845.77 4431.87 57823.0 80.0 8077.55 4472.16 0.96091
6181000.0 3362.75 7834.44 4434.17 57823.0 80.0 8070.3 4463.19 0.96479
6171000.0 3361.66 7823.11 4436.48 57823.0 80.0 8063.06 4454.21 0.96868
6161000.0 3360.58 7811.78 4438.78 57823.0 80.0 8055.81 4445.24 0.97257
6151000.0 3359.49 7800.45 4441.09 57823.0 80.0 8048.56 4436.26 0.97646
6151000.0 3435.77 8558.95 4643.9 57823.0 143.0 8558.95 4643.9 1.0
6141000.0 3441.75 8578.19 4650.9 57823.0 143.0 8578.19 4650.9 1.0
6131000.0 3447.72 8597.43 4657.9 57823.0 143.0 8597.43 4657.9 1.0
6121000.0 3453.69 8616.66 4664.9 57823.0 143.0 8616.66 4664.9 1.0
6111000.0 3459.66 8635.9 4671.9 57823.0 143.0 8635.9 4671.9 1.0
6101000.0 3465.63 8655.14 4678.9 57823.0 143.0 8655.14 4678.9 1.0
6091000.0 3471.6 8674.38 4685.9 57823.0 143.0 8674.38 4685.9 1.0
6081000.0 3477.58 8693.62 4692.9 57823.0 143.0 8693.62 4692.9 1.0
6071000.0 3483.55 8712.86 4699.9 57823.0 143.0 8712.86 4699.9 1.0
6061000.0 3489.52 8732.1 4706.9 57823.0 143.0 8732.1 4706.9 1.0
6051000.0 3495.49 8751.33 4713.9 57823.0 143.0 8751.33 4713.9 1.0
6041000.0 3501.46 8770.57 4720.9 57823.0 143.0 8770.57 4720.9 1.0
6031000.0 3507.43 8789.81 4727.9 57823.0 143.0 8789.81 4727.9 1.0
6021000.0 3513.41 8809.05 4734.9 57823.0 143.0 8809.05 4734.9 1.0
6011000.0 3519.38 8828.29 4741.9 57823.0 143.0 8828.29 4741.9 1.0
6001000.0 3525.35 8847.53 4748.9 57823.0 143.0 8847.53 4748.9 1.0
5991000.0 3531.32 8866.77 4755.9 57823.0 143.0 8866.77 4755.9 1.0
5981000.0 3537.29 8886.0 4762.9 57823.0 143.0 8886.0 4762.9 1.0
5971000.0 3543.26 8905.24 4769.9 57823.0 143.0 8905.24 4769.9 1.0
5971000.0 3723.75 9133.92 4932.49 57823.0 143.0 9133.92 4932.49 1.0
5961000.0 3736.35 9185.11 4961.66 57823.0 143.0 9185.11 4961.66 1.0
5951000.0 3748.95 9236.31 4990.83 57823.0 143.0 9236.31 4990.83 1.0
5941000.0 3761.56 9287.5 5020.0 57823.0 143.0 9287.5 5020.0 1.0
5931000.0 3774.16 9338.7 5049.18 57823.0 143.0 9338.7 5049.18 1.0
5921000.0 3786.77 9389.89 5078.35 57823.0 143.0 9389.89 5078.35 1.0
5911000.0 3799.37 9441.09 5107.52 57823.0 143.0 9441.09 5107.52 1.0
5901000.0 3811.97 9492.28 5136.69 57823.0 143.0 9492.28 5136.69 1.0
5891000.0 3824.58 9543.48 5165.86 57823.0 143.0 9543.48 5165.86 1.0
5881000.0 3837.18 9594.68 5195.04 57823.0 143.0 9594.68 5195.04 1.0
5871000.0 3849.78 9645.87 5224.21 57823.0 143.0 9645.87 5224.21 1.0
5861000.0 3862.39 9697.07 5253.38 57823.0 143.0 9697.07 5253.38 1.0
5851000.0 3874.99 9748.26 5282.55 57823.0 143.0 9748.26 5282.55 1.0
5841000.0 3887.59 9799.46 5311.73 57823.0 143.0 9799.46 5311.73 1.0
5831000.0 3900.2 9850.65 5340.9 57823.0 143.0 9850.65 5340.9 1.0
5821000.0 3912.8 9901.85 5370.07 57823.0 143.0 9901.85 5370.07 1.0
5811000.0 3925.41 9953.04 5399.24 57823.0 143.0 9953.04 5399.24 1.0
5801000.0 3938.01 10004.24 5428.41 57823.0 143.0 10004.24 5428.41 1.0
5791000.0 3950.61 10055.43 5457.59 57823.0 143.0 10055.43 5457.59 1.0
5781000.0 3963.22 10106.63 5486.76 57823.0 143.0 10106.63 5486.76 1.0
5771000.0 3975.82 10157.83 5515.93 57823.0 143.0 10157.83 5515.93 1.0
